1 14 14
2.982994 0.760400 8.281326
1.520800 1.636200 3.860000
721.530000 0.000000 609.550000 0.000000 721.530000 172.850000 0.000000 0.000000 1.000000
822.876976 262.330356
881.693302 294.893758
881.693302 296.146196
822.876976 262.330356
929.198797 262.330356
1060.404447 262.330356
929.198797 262.330356
1060.404447 262.330356
838.712141 226.009638
1062.666614 262.330356
872.644637 195.951113
1015.161120 197.203551
922.412298 200.960867
1021.947619 200.960867
0.177669
0.120049
0.199439
0.106865
0.012403
0.105236
0.228944
0.286183
0.202145
0.109547
0.246190
0.111159
0.250178
0.280864
2.505337 1.420429 9.702869
4.114268 1.420560 9.405102
2.087260 1.316614 7.249318
3.566748 1.302824 6.978794
2.858616 0.863866 10.349721
4.037401 0.864303 10.142614
2.162268 0.663218 6.556593
3.242733 0.657763 6.356365
2.318281 0.393271 8.991329
4.000467 0.391046 8.678526
2.574276 -0.099623 8.685094
3.638781 -0.099318 8.483663
2.377280 -0.118344 7.480416
3.365043 -0.119348 7.281740
0.028757 -0.038484 -0.082811 -0.066633 -0.038475 -0.065093 0.051368 -0.032126 0.060149 -0.033188 -0.031279 0.075523 0.008142 -0.005883 -0.121037 -0.062323 -0.005912 -0.108683 0.046280 0.005485 0.100113 -0.013954 0.005752 0.111152 0.039310 0.021510 -0.039643 -0.059040 0.021632 -0.021336 0.024207 0.049909 -0.022246 -0.038001 0.049895 -0.010463 0.034866 0.050514 0.044785 -0.022446 0.050565 0.056327
0.032807 -0.009569 0.016498 -0.022159 -0.006564 0.020477 -0.048084 0.011454 0.019414 0.054528 0.011890 -0.023133 0.074997 0.010771 -0.125961 -0.114248 0.009933 -0.087587 -0.080161 -0.005899 -0.055258 0.047291 -0.007694 -0.090794 0.040076 0.015510 0.076879 -0.003585 0.015065 0.085355 0.037944 -0.000936 0.078627 -0.000439 -0.001579 0.087232 -0.020390 -0.042477 0.009226 0.028445 -0.044369 -0.000943
-0.046614 -0.043557 -0.015673 0.041119 -0.044352 -0.051285 -0.013618 -0.032085 -0.023469 0.011476 -0.035088 -0.021396 -0.038139 0.003485 -0.012125 0.024971 0.003396 -0.018986 -0.006753 -0.003190 -0.108073 -0.027585 -0.004325 -0.096323 -0.039762 0.006525 -0.017277 0.024057 0.004122 -0.038398 0.002655 0.037573 0.015490 -0.008847 0.035658 0.014141 0.046005 0.044730 0.180548 0.021599 0.042636 0.189321
-0.089021 0.097344 0.009898 0.068990 0.098967 -0.013731 0.066856 0.067439 -0.010794 -0.077135 0.067968 0.005931 0.018981 -0.015248 -0.058595 -0.032529 -0.014724 -0.032922 0.106024 0.024424 -0.035677 -0.097612 0.033822 0.002647 0.008430 -0.043512 0.000911 -0.004389 -0.038818 0.001293 0.048282 -0.088330 0.071211 0.002771 -0.087379 0.063334 0.014861 -0.075840 0.010643 -0.007812 -0.070043 -0.004238
-0.006792 0.026051 0.129164 0.045477 0.030184 0.117542 -0.018598 0.010050 0.031013 0.026325 0.006180 -0.021722 0.044597 0.006349 -0.041477 -0.064804 0.004841 -0.020687 0.017054 0.006612 0.035649 -0.007137 0.008135 0.023407 0.002580 0.010347 -0.093022 -0.037609 0.011540 -0.073643 -0.039115 -0.012737 -0.106769 0.003596 -0.012738 -0.098954 -0.074579 -0.036505 0.074062 0.097535 -0.039434 0.041180
0.250000 0.270000 0.010000 -0.080000 -0.050000
