1 14 14
5.759661 0.760400 19.076085
1.520800 1.636200 3.860000
721.530000 0.000000 609.550000 0.000000 721.530000 172.850000 0.000000 0.000000 1.000000
795.540050 910.043196
908.308300 795.540050
762.577023 887.489546
762.577023 911.778092
831.972869 797.274946
837.177558 825.033285
887.489546 887.489546
221.825287 211.401862
211.401862 221.825287
210.175577 168.481879
210.788720 211.401862
190.555013 189.941871
172.160735 172.160735
168.481879 168.481879
0.336926
0.017588
0.306394
0.035700
0.181191
0.004273
0.103029
0.103048
0.348654
0.006412
0.214922
0.044201
0.358774
0.120487
4.446620 4.451483 6.935378
6.936617 3.746965 3.739655
7.603477 7.607004 5.180154
5.186694 5.435602 5.443170
6.656085 6.674683 1.420429
1.420560 1.316614 1.302824
0.863866 0.864303 0.663218
0.657763 0.393271 0.391046
-0.099623 -0.099318 -0.118344
-0.119348 18.351610 19.987856
18.379616 19.883633 18.583356
19.780174 18.577450 19.676305
18.294983 20.005993 18.601674
19.685044 18.623570 19.630943
0.221099 -0.063648 0.068322 0.017102 -0.364214 -0.088189 -0.021927 -0.099813 0.223071 0.059697 0.147335 0.099501 -0.146178 -0.303783 -0.102533 0.219180 -0.047017 0.125070 0.003995 -0.357717 -0.088167 -0.015041 -0.101635 0.226790 0.069168 -0.182575 -0.086750 0.169185 0.239171 0.079423 -0.197344 -0.030807 0.073731 -0.003279 -0.078820 -0.073618 0.026248 -0.073524 0.154541 0.023031 0.134590 -0.172780
-0.031032 0.230221 -0.081355 -0.198098 0.038114 0.055069 0.022349 0.048444 -0.071677 0.027247 -0.080406 0.155754 0.014162 -0.157644 0.196626 0.051595 -0.261585 0.101448 0.340394 0.320409 0.053913 0.157138 0.095384 -0.013481 0.024683 0.007987 -0.034942 0.014550 0.102026 0.328615 -0.120033 0.099678 0.174753 0.341069 0.307429 0.041343 0.110258 0.091848 -0.013548 0.022762 0.007782 -0.033742
0.011093 -0.141226 -0.327889 0.095230 -0.088423 -0.203906 -0.308515 0.198067 0.311069 0.047629 -0.110150 0.012570 -0.013518 -0.007311 0.055970 0.015152 0.092879 -0.233890 0.044210 0.376565 0.034993 -0.309299 0.234394 0.288217 0.042113 -0.062999 0.013180 -0.017632 -0.009912 0.077505 0.018643 -0.115352 0.214240 -0.032708 -0.328025 -0.038331 0.092850 -0.239222 0.069403 -0.006881 0.263479 0.049292
0.035543 0.014953 -0.099710 0.023711 0.155942 0.086492 -0.122278 0.027623 0.066115 0.090761 -0.241143 0.097065 -0.001447 0.228757 0.049571 0.034522 0.009445 -0.088955 0.026444 -0.184229 -0.064736 0.104171 -0.015475 -0.080243 0.051011 -0.243115 -0.045444 -0.227262 0.323817 0.114369 -0.002144 0.086102 -0.202414 -0.029187 0.094690 0.078285 -0.000695 0.117436 -0.064806 0.049113 -0.248086 -0.035753
-0.181693 0.279847 0.114337 -0.003619 0.081712 -0.200235 -0.029191 -0.120601 -0.055377 -0.038323 -0.029875 0.073179 -0.145215 -0.015892 -0.537336 -0.037853 -0.172888 0.115755 -0.097339 0.102501 -0.173792 -0.083653 0.088904 -0.073881 0.042250 0.043113 -0.295144 -0.148919 -0.011784 -0.549894 0.016038 -0.166829 0.115872 -0.101674 0.097703 -0.160507 -0.090366 -0.109863 0.095694 -0.044780 -0.023503 0.300683
0.250000 0.270000 0.010000 -0.080000 -0.050000
